Month,HourlySeaLevelPressure,HourlyStationPressure
1,30.04107671601615,29.424349775784755
2,30.071815476190473,29.442779874213834
3,30.05057902973396,29.40643995749203
4,30.007444134078213,29.385091324200914
5,30.013602150537633,29.415641592920355
6,29.859597222222224,29.2706455026455
7,29.946648575305293,29.36463282937365
8,29.954919354838708,29.36393810032017
9,30.04211111111111,29.45427680798005
10,30.015714285714285,29.416386639676112
11,30.144875000000003,29.521595092024537
12,30.129717741935483,29.480968955785514
