Month,HourlySeaLevelPressure,HourlyStationPressure
1,30.054896073903002,23.098655948553056
2,30.055134099616858,23.100130775937227
3,29.953883720930232,23.10766983199416
4,29.931992840095464,23.19918367346939
5,29.911568627450983,23.242939262472888
6,29.89401442307692,23.262943925233643
7,29.970023282887077,23.40595363540569
8,30.025542590431737,23.40297480620155
9,30.001740696278514,23.349860962566844
10,29.990717592592592,23.282840300107182
11,30.08366844919786,23.257215756490602
12,30.148173469387753,23.27359712230216
